90 degrees
187399.972972275 86
187400.022052734 86
187400.029147192 86
187400.03692815 86
187400.043228359 86
187400.052119317 86
187400.059119025 86
187400.065359734 86
187400.073287692 86
187400.082392025 86
187400.091003484 85
187400.099958192 85
187400.107269484 85
187400.1144044 85
187400.123970692 84
187400.132452109 82
187400.14089565 73
187400.148962734 64
187400.156213609 55
187400.165085525 44
187400.173348275 36
187400.183083275 29
187400.190933525 23
187400.200290067 16
187400.208796484 15
187400.211849359 14
187400.214460942 14
187400.218813859 13
187400.221242775 13
187400.224310109 13
187400.22717715 13
187400.230933067 13
187400.234104567 13
187400.24512415 13
187400.247583609 13
187400.250424817 13
187400.2551974 13
187400.260435109 13
187400.264175484 12
187400.268886775 12
187400.271316234 12
187400.274384067 12
187400.2773289 12
187400.2810409 12
187400.284145109 12
187400.287028442 12
187400.291091984 11
187400.29439865 11
187400.2989609 11
187400.301806525 11
187400.305363734 11
187400.309370609 11
187400.312275275 11
187400.315138734 11
187400.319096359 11
187400.321912484 11
187400.324486734 11
187400.328980859 13
187400.332430984 15
187400.3360049 19
187400.340393275 21
187400.343905817 24
187400.3470739 26
187400.351185442 32
187400.35530365 34
187400.3600964 41
187400.363261942 43
187400.3664524 51
187400.371017067 54
187400.374355734 58
187400.379102359 60
187400.382205984 66
187400.386050775 69
187400.389946817 71
187400.393098484 74
187400.396402692 76
187400.400869775 77
187400.405089275 78
187400.409304692 79
187400.412192317 79
187400.415270275 80
187400.4191834 80
187400.422040734 81
187400.425088192 81
187400.429141275 81
187400.432042275 81
187400.434931609 81
187400.438894817 81
187400.441301484 81
187400.4443639 81
187400.447248567 81
187400.450971484 81
187400.454900234 81
187400.458878192 82
187400.462016775 82
187400.464914942 82
187400.468815817 82
187400.471361984 82
187400.474398359 82
187400.477348275 82
187400.481116734 82
187400.484116317 82
187400.487141234 82
187400.491041275 82
187400.494125109 82
187400.497321109 82
187400.501209817 82
187400.504306567 82
187400.509184567 82
187400.512337484 82
187400.515218609 82
187400.519192234 82
187400.522054025 82
187400.52493915 82
187400.52891565 82
187400.531804067 82
187400.5344429 82
187400.538481067 82
187400.541236525 82
187400.544262734 82
187400.547178234 82
187400.550954525 82
187400.554095275 82
187400.558806984 82
187400.561803359 82
187400.564461442 82
187400.567792275 82
187400.571204067 82
187400.574240525 82
187400.578452817 82
187400.581162192 82
187400.584219192 82
187400.58715665 82
187400.591048817 82
187400.594077442 82
187400.597168942 82
187400.600940442 82
187400.604018984 82
187400.608903317 81
187400.611318734 81
187400.6144094 81
187400.617321734 81
187400.621250692 81
187400.624302567 81
187400.62729365 81
187400.630992859 81
187400.634056109 81
187400.637087859 80
187400.642000109 80
187400.64490015 80
187400.648828692 80
187400.6518794 79
187400.654511442 79
187400.659343109 79
187400.662322734 79
187400.665137734 79
187400.6690654 79
187400.672015567 78
187400.675015567 78
187400.679029275 78
187400.682186192 79
187400.6850924 79
187400.689184609 79
187400.692205317 79
187400.695123275 78
187400.6998384 78
187400.7024604 78
187400.705344359 78
187400.7101929 79
187400.713880984 78
187400.716500525 79
187400.722166692 79
187400.725332109 79
187400.729295484 79
187400.732170817 79
187400.735053484 79
187400.739195984 79
187400.742145692 79
187400.744983609 79
187400.7489034 79
187400.751347942 79
187400.754367109 79
187400.757283734 79
187400.762023317 79
187400.76518065 80
187400.769330859 80
187400.772799442 80
187400.7758794 80
187400.779829525 80
187400.78235065 80
187400.785222442 80
187400.789156359 80
187400.792357775 80
187400.795245984 80
187400.799364484 80
187400.802228817 80
187400.805089192 80
187400.810076109 80
187400.812839692 80
187400.815976775 80
187400.81986715 80
187400.822436067 80
187400.825628109 80
187400.829267317 80
187400.832278067 80
187400.835170025 80
187400.839012442 80
187400.841850775 80
187400.844517984 80
187400.8487869 80
187400.851222317 80
187400.8542859 80
187400.8572094 80
187400.861913942 80
187400.864513775 80
187400.868711817 80
187400.871302109 80
187400.874294567 80
187400.877328025 80
187400.8810549 80
187400.884222734 80
187400.887131025 80
187400.890972067 80
187400.894087734 80
187400.89722515 80
187400.901290567 80
187400.90431965 80
187400.907227359 80
187400.911904734 80
187400.914906942 80
187400.918885109 80
187400.921324984 80
187400.924309692 80
187400.927339109 80
187400.9311129 80
187400.934076234 80
187400.937100317 81
187400.941195025 81
187400.944429775 80
187400.949056525 81
187400.952039275 81
187400.954926734 81
187400.9587899 81
187400.962432067 81
187400.965297984 81
187400.969237484 81
187400.972182567 81
187400.975162025 81
187400.97906715 81
187400.981892859 81
187400.984824775 81
187400.9888359 81
187400.992244817 81
187400.995093734 81
187400.99935365 81
187401.002230984 81
187401.005103609 81
187401.009010317 81
187401.012821067 81
187401.015939692 81
187401.0198119 81
187401.022338817 81
187401.025204067 81
187401.029114359 81
187401.032043775 81
187401.035125734 81
187401.03904365 81
187401.041915317 81
187401.044881067 81
187401.048892734 81
187401.051372275 81
187401.054412067 81
187401.05732415 81
187401.061047567 81
187401.065005067 81
187401.068992942 81
187401.071890567 81
187401.074457275 81
187401.078736234 81
187401.0811829 81
187401.084253525 81
187401.087142567 81
187401.091017859 81
187401.094047025 81
187401.097133317 81
187401.100953275 81
187401.103992484 81
187401.106968942 81
187401.110386775 81
187401.114413484 81
187401.11778915 81
187401.121200525 81
187401.124255859 81
187401.12720665 81
187401.130895984 81
187401.133927525 81
187401.13648665 81
187401.140329484 81
187401.143099734 81
187401.146124109 81
187401.149960525 81
187401.152469317 81
187401.155855317 81
187401.159243442 81
187401.162185192 81
187401.166055692 81
187401.169986275 81
187401.17275665 81
187401.17583915 81
187401.1798184 81
187401.1823259 81
187401.185219109 81
187401.189142067 81
187401.192815484 81
187401.19598865 81
187401.200054525 81
187401.203591275 81
187401.207007984 81
187401.210731692 81
187401.215221692 80
187401.219123484 80
187401.222385317 80
187401.225928692 80
187401.230165484 80
187401.233296026 80
187401.236487401 80
187401.240904817 80
187401.243917901 80
187401.247618484 80
187401.251326151 80
187401.254374734 80
187401.257620651 80
187401.261114609 80
187401.264179401 80
187401.269039526 80
187401.271875442 80
187401.274510484 80
187401.278701734 80
187401.281236651 80
187401.284242609 80
187401.287193526 80
187401.291053401 80
187401.294137401 80
187401.297133484 80
187401.301014359 80
187401.304033901 80
187401.307031484 80
187401.310775109 80
187401.313604151 80
187401.317322776 80
187401.320990109 80
187401.324041234 80
187401.326992776 80
187401.330944484 80
187401.334133734 80
187401.337128567 80
187401.340799359 80
187401.343903567 80
187401.346462442 80
187401.350819359 79
187401.353943276 79
187401.356449776 79
187401.360345109 79
187401.363301817 79
187401.367301984 79
187401.371093109 79
187401.374139109 79
187401.377169442 79
187401.380811401 79
187401.383896817 79
187401.386463401 79
187401.390886067 79
187401.393957526 79
187401.397036109 79
187401.401112651 79
187401.404112234 79
187401.407067151 79
187401.410814734 79
187401.413905859 79
187401.418752442 79
187401.421223776 79
187401.424383234 79
187401.428462192 79
187401.431099192 79
187401.434134109 79
187401.437082067 79
187401.440852234 79
187401.443890401 79
187401.446489734 79
187401.450357192 78
187401.454181984 79
187401.457105609 79
187401.460828234 79
187401.463926817 79
187401.466515734 79
187401.471214151 79
187401.474235401 79
187401.477195859 79
187401.480898109 79
187401.483964234 79
187401.487001817 79
187401.491023984 79
187401.494035317 79
187401.497323567 79
187401.501130067 79
187401.504194901 79
187401.507082026 79
187401.510898109 79
187401.514011526 79
187401.516929442 79
187401.521269026 79
187401.524267109 79
187401.527212692 79
187401.530866067 79
187401.540804484 79
187401.543618734 79
187401.546454317 79
187401.552438192 79
187401.555324526 79
187401.559271692 79
187401.562171317 79
187401.565118734 79
187401.569976651 79
187401.572768859 79
187401.575886567 79
187401.579316234 79
187401.582243276 79
187401.585099442 79
187401.589061609 79
187401.592050692 79
187401.594924817 79
187401.599103067 79
187401.601901859 79
187401.604888984 79
187401.608806651 79
187401.611327317 79
187401.614333942 79
187401.617299442 79
187401.622064776 79
187401.625212401 78
187401.629918484 78
187401.632955442 78
187401.636044192 78
187401.640425151 78
187401.643296942 78
187401.646262317 78
187401.650133192 78
187401.652966442 78
187401.656070901 78
187401.659911651 78
187401.662438067 78
187401.665315734 78
187401.669172651 78
187401.673078317 78
187401.676067567 78
187401.679952359 78
187401.682747484 78
187401.685347901 78
187401.689276776 78
187401.692473984 78
187401.695340526 78
187401.699928109 78
187401.702434067 78
187401.705361442 78
187401.709275234 78
187401.712237234 78
187401.715069526 78
187401.719130276 78
187401.723233401 78
187401.726259526 78
187401.730090359 79
187401.733131109 78
187401.736406942 78
187401.740920067 78
187401.743943526 78
187401.746510359 78
187401.750977192 78
187401.754025984 78
187401.756946442 78
187401.760423151 78
187401.763223276 78
187401.766288192 78
187401.770090442 78
187401.773993942 78
187401.777040692 78
187401.780722692 78
187401.783321401 78
187401.786367067 78
187401.790373776 78
187401.793154942 78
187401.796267484 78
187401.800399359 78
187401.803157484 78
187401.806281026 78
187401.810144234 78
187401.813094026 78
187401.816145942 78
187401.820208526 78
187401.824062984 78
187401.827025151 78
187401.830813567 78
187401.833335317 78
187401.836351942 78
187401.840225901 78
187401.843043942 78
187401.846111776 78
187401.849961151 78
187401.852508067 78
187401.855358442 78
187401.859306442 78
187401.862214234 78
187401.865041734 78
187401.868949817 78
187401.871880609 78
187401.875873776 78
187401.879328817 78
187401.882329609 78
187401.885144984 78
187401.889088859 78
187401.892254901 78
187401.895156942 78
187401.899316026 78
187401.902301067 78
187401.905150151 78
187401.909067109 78
187401.912053567 78
187401.914901942 78
187401.918846817 78
187401.921311692 78
187401.925214109 78
187401.929141734 78
187401.932031942 78
187401.934941817 78
187401.938801526 78
187401.941324817 78
187401.944308484 78
187401.947270609 78
187401.951047526 78
187401.954129942 78
187401.957043734 78
187401.960748276 78
187401.963343942 78
187401.966381276 78
187401.970265234 78
187401.973018526 78
187401.977027401 78
187401.980434026 78
187401.983239651 78
187401.986317234 78
187401.990291567 78
187401.993125609 78
187401.996195234 78
187402.000289317 78
187402.003095817 78
187402.006246401 79
187402.010227151 79
187402.012991609 79
187402.016028359 79
187402.019928776 79
187402.022464901 79
187402.026353734 79
187402.030305401 79
187402.033128734 79
187402.036230901 79
187402.040110567 79
187402.042928901 79
187402.045974692 79
187402.049868817 79
187402.052384234 79
187402.055281859 79
187402.059185109 79
187402.062085317 79
187402.064900151 79
187402.068906942 79
187402.071842067 79
187402.074451901 79
187402.079181942 79
187402.082121026 79
187402.085059109 79
187402.088950067 79
187402.092144151 79
187402.095035651 79
187402.099186442 79
187402.102121651 79
187402.104989942 79
187402.108914651 79
187402.111883942 79
187402.114475276 79
187402.118857651 79
187402.121915651 80
187402.125129901 79
187402.130404067 79
187402.133233567 79
187402.136280859 79
187402.140126401 79
187402.143241359 79
187402.146288984 79
187402.150107817 79
187402.153004317 79
187402.155986734 79
187402.159891067 79
187402.162371151 79
187402.165285567 79
187402.169126984 79
187402.172103776 79
187402.174922651 79
187402.179886442 79
187402.182392442 79
187402.185329067 79
187402.189221817 79
187402.192353526 79
187402.195236651 79
187402.199276234 79
187402.202175401 79
187402.205052859 79
187402.208973734 79
187402.212018026 79
187402.214870526 79
187402.218848109 79
187402.221273484 79
187402.224361401 79
187402.229066192 79
187402.232079817 79
187402.234978067 79
187402.238905942 79
187402.241355692 79
187402.244464942 79
187402.247357609 79
187402.251130276 79
187402.254120359 79
187402.257079651 79
187402.260785359 79
187402.263861942 79
187402.266382776 79
187402.270250067 79
187402.273025609 79
187402.276054567 79
187402.280851901 79
187402.283920234 79
187402.286927484 79
187402.290850859 79
187402.293903234 79
187402.296986942 79
187402.300832984 79
187402.303895234 79
187402.306422026 79
187402.310362942 79
187402.313140276 79
187402.316230401 79
187402.320068026 79
187402.322820942 79
187402.325940942 79
187402.330365234 79
187402.333234109 79
187402.336321609 79
187402.340144609 79
187402.342977026 79
187402.345979734 79
187402.349830692 79
187402.352346567 79
187402.355220817 79
187402.359174526 79
187402.362066359 79
187402.364909609 79
187402.368895192 79
187402.371351276 79
187402.374377567 79
187402.377269401 79
187402.382113359 79
187402.385032026 79
187402.388939442 79
187402.392229609 79
187402.395329276 79
187402.400138359 78
187402.402971234 78
187402.406080859 78
187402.409906942 78
187402.412735109 78
187402.415348609 78
187402.419287776 78
187402.422169234 78
187402.425104942 78
187402.429031567 78
187402.432857526 78
187402.436036317 78
187402.439986276 78
187402.442469609 78
187402.445356817 78
187402.449249567 78
187402.452221817 78
187402.455030859 78
187402.459096401 78
187402.461906942 78
187402.464890317 78
187402.468746401 78
67.5 degrees
187594.041109465 86
187594.04531884 86
187594.049239548 86
187594.052157257 86
187594.05910509 86
187594.06900809 86
187594.075271507 85
187594.086122965 85
187594.09420859 85
187594.10419959 85
187594.113294257 85
187594.120961298 85
187594.12903834 85
187594.13529834 85
187594.144243507 85
187594.15114409 85
187594.160112215 85
187594.16641284 85
187594.176081674 85
187594.184262924 85
187594.191229257 85
187594.19650634 85
187594.20041909 85
187594.203271715 85
187594.206408715 84
187594.210438257 84
187594.213611507 84
187594.216356799 84
187594.220305132 84
187594.223235424 84
187594.226265757 84
187594.230157799 84
187594.232991132 84
187594.236022549 84
187594.24629084 84
187594.250943674 84
187594.253164632 84
187594.255350299 82
187594.262850174 81
187594.26629834 81
187594.270404215 81
187594.273160882 81
187594.277142174 80
187594.280774799 80
187594.283611049 80
187594.286492174 80
187594.29136109 79
187594.294445257 79
187594.298906924 79
187594.301799715 79
187594.304485924 79
187594.30846509 79
187594.312226174 78
187594.315058132 78
187594.318972132 78
187594.321852132 78
187594.324811799 78
187594.328699924 78
187594.331298132 78
187594.334313215 78
187594.337206299 78
187594.341891007 78
187594.344934882 78
187594.349013215 77
187594.351907132 77
187594.355046257 75
187594.359165299 74
187594.362300299 72
187594.366032924 69
187594.370138382 68
187594.373205507 64
187594.376438007 62
187594.380408799 59
187594.384215465 56
187594.388712257 51
187594.392394757 48
187594.39631734 43
187594.400346299 40
187594.40390784 36
187594.406999882 34
187594.411024257 29
187594.414202799 27
187594.418742049 24
187594.42190759 21
187594.425022215 19
187594.429219757 17
187594.432774132 16
187594.435972465 14
187594.439954049 14
187594.444021757 13
187594.447013424 13
187594.45078134 12
187594.453979382 12
187594.456944382 12
187594.460465882 11
187594.463970632 11
187594.467037299 11
187594.470469632 11
187594.473370757 11
187594.476384257 11
187594.480283049 11
187594.483127007 11
187594.486143049 11
187594.490053549 11
187594.494211924 11
187594.49908059 11
187594.502028424 11
187594.50487459 11
187594.508823049 11
187594.51160884 11
187594.514366757 11
187594.517297299 11
187594.520973174 11
187594.524049965 11
187594.526972257 11
187594.530799007 11
187594.53390684 11
187594.536428382 11
187594.540240507 11
187594.543039924 11
187594.547086215 11
187594.550773215 11
187594.553879049 12
187594.557123007 13
187594.561025132 13
187594.564305132 14
187594.567238424 16
187594.571203215 16
187594.574427507 19
187594.578934174 21
187594.590082632 28
187594.593155882 32
187594.600854715 36
187594.604252049 39
187594.607354965 43
187594.611353882 46
187594.614934215 48
187594.619050799 51
187594.622168215 53
187594.62533059 57
187594.629878382 61
187594.632929424 63
187594.63610259 66
187594.641171007 69
187594.646029257 72
187594.650245507 73
187594.65308459 74
187594.656339674 75
187594.660730465 75
187594.663921507 76
187594.66694709 77
187594.67079159 77
187594.673372507 78
187594.677053465 78
187594.68084584 78
187594.683897049 78
187594.686433632 78
187594.690825965 78
187594.69389059 78
187594.698889882 78
187594.701618465 78
187594.70443909 78
187594.70762859 78
187594.71113934 78
187594.714178882 78
187594.718466799 78
187594.72120009 78
187594.724257674 78
187594.727291549 78
187594.731029049 78
187594.734053965 78
187594.736967215 78
187594.740768257 78
187594.743349965 78
187594.74729259 78
187594.751085507 78
187594.754077007 78
187594.757010382 78
187594.760789799 78
187594.763619174 78
187594.766446382 78
187594.770293465 78
187594.773115882 78
187594.776152007 78
187594.780012757 78
187594.782805257 78
187594.785971924 78
187594.790054632 78
187594.792808299 78
187594.796040757 78
187594.800882049 78
187594.803940757 78
187594.806516507 78
187594.81047159 78
187594.813310299 78
187594.816295799 78
187594.82019209 78
187594.823219174 78
187594.826356549 79
187594.830337007 79
187594.83323284 79
187594.836228215 79
187594.840148257 79
187594.842857174 79
187594.845954299 79
187594.850295049 79
187594.853120632 79
187594.856127007 79
187594.85998409 79
187594.862502924 79
187594.865878132 79
187594.86936259 79
187594.87230534 79
187594.875127424 79
187594.87907459 79
187594.882062882 79
187594.884936757 79
187594.888865132 79
187594.891878174 79
187594.89485134 79
187594.89990334 79
187594.90247034 79
187594.905603924 79
187594.909243882 79
187594.912194424 79
187594.915018215 79
187594.91898209 79
187594.921880132 79
187594.92480159 79
187594.928516757 79
187594.931127715 79
187594.934205924 79
187594.937161674 79
187594.940877049 79
187594.944102132 79
187594.947038757 79
187594.951329965 79
187594.954437674 79
187594.95762209 79
187594.961032674 79
187594.96406709 79
187594.967114549 79
187594.970845882 79
187594.973366632 79
187594.97704409 79
187594.980818507 79
187594.983371257 79
187594.986367174 79
187594.990304674 79
187594.993854007 79
187594.99648984 79
187595.001876132 79
187595.00447609 79
187595.008489257 79
187595.011184049 79
187595.014303257 79
187595.018801257 78
187595.021864424 78
187595.024977549 78
187595.02895634 78
187595.031346424 78
187595.034335424 78
187595.037301715 78
187595.041081507 78
187595.044057674 78
187595.046981674 78
187595.051277132 78
187595.054424799 78
187595.057347299 78
187595.060983257 78
187595.064017465 78
187595.067198507 78
187595.070989174 79
187595.074225382 79
187595.077194799 79
187595.08083934 79
187595.08336859 79
187595.086423799 79
187595.090421299 79
187595.093200549 79
187595.096318174 79
187595.100374299 79
187595.104293299 80
187595.107341674 80
187595.111216757 80
187595.114439215 80
187595.11734834 80
187595.12108884 80
187595.124141382 80
187595.127143715 80
187595.13081184 80
187595.133896507 80
187595.136930632 80
187595.140370007 80
187595.143120757 80
187595.14615359 81
187595.150826465 81
187595.154401215 81
187595.157369382 81
187595.161085674 81
187595.164354757 81
187595.167266715 81
187595.170964299 81
187595.174019632 81
187595.177012299 81
187595.180778424 81
187595.183880174 81
187595.186434299 81
187595.190826549 81
187595.19336584 81
187595.196959424 81
187595.201060549 82
187595.205324007 82
187595.209915965 82
187595.212397215 81
187595.215948674 81
187595.21982659 82
187595.222825924 82
187595.226158507 82
187595.230023007 82
187595.23247484 82
187595.23535909 82
187595.23930259 82
187595.242185299 82
187595.245048257 82
187595.249005715 82
187595.251817007 82
187595.255319257 82
187595.259209257 82
187595.26218034 82
187595.265023382 82
187595.268955632 82
187595.271884674 82
187595.274908299 82
187595.278791465 82
187595.281287257 82
187595.284310965 82
187595.287327715 82
187595.29116359 82
187595.294145965 82
187595.297186424 82
187595.30102484 82
187595.304887674 82
187595.308977799 82
187595.31188484 82
187595.314482924 82
187595.318487049 82
187595.321170132 82
187595.324279132 82
187595.327164215 82
187595.330937257 82
187595.33399334 82
187595.336976507 82
187595.340405715 82
187595.34321234 82
187595.34625134 82
187595.350108465 82
187595.352815049 82
187595.357010924 82
187595.360814382 82
187595.36335709 82
187595.366398715 82
187595.370279007 82
187595.373128715 82
187595.376111424 82
187595.380021299 82
187595.382488174 82
187595.385906674 82
187595.38931159 82
187595.392748257 82
187595.395966382 82
187595.399975632 82
187595.402736215 82
187595.406363757 82
187595.410341965 82
187595.413343632 82
187595.416369632 82
187595.420277799 82
187595.423081299 82
187595.42613109 82
187595.430004007 82
187595.432483632 82
187595.436092799 83
187595.440206757 83
187595.443031049 83
187595.446038215 82
187595.450111465 82
187595.453622215 82
187595.458799882 83
187595.461272632 83
187595.464276924 82
187595.468960882 82
187595.471878215 83
187595.475033215 82
187595.479142799 83
187595.482159924 83
187595.485244132 83
187595.489926299 83
187595.492424507 83
187595.496069924 83
187595.500288757 83
187595.503083049 83
187595.506067715 83
187595.51078884 83
187595.51389859 83
187595.516986382 83
187595.520793424 83
187595.523350882 83
187595.526386299 83
187595.530235799 83
187595.533087174 83
187595.53612184 83
187595.539991424 83
187595.542763465 83
187595.545348215 83
187595.549246465 83
187595.552176049 83
187595.55510609 83
187595.559989549 83
187595.562470507 83
187595.56535859 83
187595.569231424 83
187595.572225257 83
187595.57505534 83
187595.579047465 83
187595.581987674 83
187595.584892007 83
187595.58916659 83
187595.592323215 83
187595.595225174 83
187595.599888049 83
187595.606293799 82
187595.610911465 82
187595.614208257 82
187595.617223174 82
187595.62087284 82
187595.623942215 82
187595.626471465 82
187595.630361257 82
187595.63335934 82
187595.636458924 82
187595.642064257 82
187595.644903174 82
187595.649268799 83
187595.65239509 83
187595.655245549 83
187595.660162174 83
187595.663000424 83
187595.666044924 83
187595.670151174 83
187595.672943924 83
187595.676069632 83
187595.679929632 83
187595.682440007 83
187595.685259715 83
187595.689178757 82
187595.692426674 82
187595.696164965 82
187595.700345215 83
187595.703307382 82
187595.706486465 82
187595.711205799 82
187595.714230799 82
187595.717220215 82
187595.720936132 82
187595.72392859 82
187595.726989215 82
187595.730808549 82
187595.733346549 82
187595.736322424 82
187595.740193507 82
187595.743080715 82
187595.746071715 82
187595.750169132 82
187595.752981965 82
187595.755998757 82
187595.76037634 82
187595.763297049 82
187595.766316757 82
187595.770293965 82
187595.773156799 82
187595.776167632 82
187595.779991715 82
187595.782813257 82
187595.786063382 82
187595.790048924 82
187595.793090924 82
187595.796329132 82
187595.800315882 82
187595.803157465 82
187595.806212757 82
187595.810113007 82
187595.814047924 82
187595.81701659 82
187595.820785674 82
187595.82404359 82
187595.827013007 82
187595.830779632 82
187595.833852424 82
187595.836365924 82
187595.840241174 82
187595.843036924 82
187595.846407632 82
187595.850819424 82
187595.85429909 83
187595.857364757 83
187595.862135632 83
187595.865991924 83
187595.869941924 83
187595.872432257 83
187595.875365299 83
187595.87934184 82
187595.882294007 82
187595.88511709 82
187595.889094215 82
187595.892270465 81
187595.89634684 81
187595.900371924 81
187595.903196465 81
187595.906248924 81
187595.909995424 81
187595.914014924 80
187595.916992632 80
187595.920469882 80
187595.923342965 80
187595.926391049 80
187595.930264049 80
187595.93308259 80
187595.93607509 80
187595.940031799 80
187595.942740882 80
187595.94561884 80
187595.949271174 79
187595.952312424 79
187595.95522834 79
187595.959127799 79
187595.96207334 79
187595.966173257 79
187595.97008034 79
187595.97301759 79
187595.97610059 79
187595.979952007 79
187595.982480965 79
187595.985320299 79
187595.995251007 79
187595.999896465 79
187596.002447757 79
187596.008490299 79
187596.011245715 79
187596.015179715 79
187596.019112382 79
187596.022058299 79
187596.025021757 79
187596.02895159 79
187596.03135709 79
187596.034359257 79
187596.038458507 79
187596.041181007 79
187596.044219674 79
187596.04717109 79
187596.050856424 79
187596.053944465 79
187596.05650234 79
187596.06045959 79
187596.06329709 79
187596.06875909 79
187596.071285507 79
187596.074354424 79
187596.07869759 78
187596.082207799 78
187596.085301424 78
187596.089804924 79
187596.093043424 78
187596.096398132 78
187596.100451257 78
187596.103946215 78
187596.106970632 78
187596.110919049 78
187596.113989257 78
187596.119249882 78
187596.122302174 78
187596.125119965 78
187596.129083132 78
187596.132053257 79
187596.134963924 79
187596.138809965 79
187596.141283632 79
187596.144303757 79
187596.147260715 79
187596.150968924 79
187596.154006799 79
187596.156989465 79
187596.16074359 79
187596.164054299 79
187596.168874257 79
187596.171369507 79
187596.175005799 80
187596.178969299 80
187596.181889965 80
187596.184866465 80
187596.188738924 80
187596.191273215 80
187596.194341757 80
187596.19737334 80
187596.201292965 80
187596.204344715 80
187596.20732159 80
187596.211055049 80
187596.21406234 80
187596.218825132 80
187596.22124259 80
187596.224364924 80
187596.227345882 80
187596.23099184 80
187596.234122549 80
187596.237019215 80
187596.24087734 80
187596.243910882 80
187596.246951007 80
187596.250723965 80
187596.25327609 80
187596.25635309 80
187596.26022559 80
187596.263044715 80
187596.266059924 80
187596.270844465 80
187596.273895924 80
187596.27649809 80
187596.280462632 80
187596.283262132 80
187596.28626684 80
187596.290372632 80
187596.293256924 80
187596.29641734 80
187596.300411924 80
187596.303260799 80
187596.306253882 80
187596.310175924 80
187596.312934465 80
187596.31603784 80
187596.320406757 80
187596.323256924 80
187596.326327632 80
187596.330155257 80
187596.33303934 80
187596.33604034 80
187596.339931424 80
187596.342466924 80
187596.345340299 80
187596.349202965 80
187596.352091715 80
187596.355015007 80
187596.358911632 80
187596.361839049 80
187596.364458465 80
187596.369219132 80
187596.372210299 80
187596.37512184 80
187596.37906784 80
187596.382059799 80
187596.384886799 80
187596.388850465 80
187596.391813132 80
187596.394462257 80
187596.398942674 80
187596.40133784 80
187596.40441834 80
187596.407332424 80
187596.411088257 80
187596.414124465 80
187596.41701284 80
187596.421370299 80
187596.424367382 80
187596.42737234 80
187596.431084632 80
187596.434154632 80
187596.437104549 80
187596.440818424 80
187596.443881549 80
187596.446448715 80
187596.450331382 80
187596.45309484 80
187596.456176465 80
187596.460258215 80
187596.463078007 80
187596.466074674 80
187596.470819674 80
187596.47393459 80
187596.476466507 80
187596.480340382 80
187596.483279465 80
187596.486979799 80
187596.490441132 80
187596.494266174 80
187596.499256924 79
187596.50219084 80
187596.505299757 79
187596.510159132 80
187596.513000757 80
187596.51605059 80
187596.519953549 80
187596.52411834 80
187596.527315632 80
187596.531088299 80
187596.534087549 80
187596.537075799 80
45 degrees
187610.130788967 81
187610.135004759 81
187610.138985384 81
187610.142013925 81
187610.144862092 81
187610.1487153 81
187610.151199009 81
187610.160893717 81
187610.1685108 81
187610.17491355 81
187610.183094217 81
187610.191314175 82
187610.202084342 82
187610.20907005 82
187610.215324884 82
187610.223202884 82
187610.232419592 81
187610.240376092 81
187610.249929425 81
187610.256190259 81
187610.264906425 82
187610.274858884 82
187610.281296384 82
187610.290404925 82
187610.2992203 82
187610.3070353 82
187610.313323384 82
187610.322226467 82
187610.330367384 83
187610.338913425 83
187610.345097634 83
187610.352484634 83
187610.362093425 83
187610.369284592 83
187610.377048925 83
187610.3843663 83
187610.394025842 83
187610.401373217 83
187610.406928759 83
187610.410415009 83
187610.413195384 83
187610.416275134 83
187610.420152967 83
187610.423011592 83
187610.426040884 83
187610.429920092 83
187610.4324693 83
187610.435364467 83
187610.446354509 83
187610.450229467 83
187610.45231355 83
187610.45444455 83
187610.460874509 83
187610.4640648 83
187610.467069384 83
187610.47091355 83
187610.473967259 83
187610.476967842 83
187610.480464675 82
187610.48396705 82
187610.486967634 82
187610.490935884 82
187610.493999342 82
187610.498733634 82
187610.50226755 82
187610.505625467 81
187610.509357342 80
187610.5124718 79
187610.516196259 77
187610.52026655 76
187610.523997759 75
187610.527150467 72
187610.5312203 69
187610.534441842 67
187610.538891134 61
187610.542149175 59
187610.545237175 57
187610.550464592 52
187610.554025509 49
187610.557166509 46
187610.5610828 44
187610.564350842 41
187610.568812717 39
187610.572092384 36
187610.575366634 33
187610.580004509 31
187610.583012634 28
187610.586224592 26
187610.590396884 24
187610.593932759 21
187610.598809759 19
187610.60276555 17
187610.606176259 16
187610.610157259 16
187610.6132233 15
187610.616304009 14
187610.620269259 14
187610.623343759 14
187610.626416009 14
187610.6307428 13
187610.633304134 13
187610.636365509 13
187610.641044175 13
187610.644052467 13
187610.647190175 13
187610.6521593 12
187610.6553363 12
187610.659339675 12
187610.662406384 12
187610.665249509 12
187610.669168717 12
187610.67214455 12
187610.675102884 12
187610.679012467 12
187610.682035259 12
187610.684932967 12
187610.688816134 12
187610.692078675 12
187610.695091467 12
187610.69927505 12
187610.703103925 12
187610.706152842 12
187610.710045842 12
187610.712774717 12
187610.715929134 12
187610.719841384 12
187610.722367967 12
187610.7252293 12
187610.729137009 12
187610.7321708 12
187610.73589905 13
187610.739807884 13
187610.742471134 13
187610.745996759 12
187610.749882717 12
187610.753898884 12
187610.756919717 13
187610.761075675 13
187610.764140384 13
187610.76726955 14
187610.7711183 14
187610.774257509 15
187610.777368634 16
187610.781167759 17
187610.784399467 18
187610.788933009 19
187610.792055175 21
187610.795135717 22
187610.799979175 24
187610.802851092 27
187610.807221217 29
187610.811128925 31
187610.814953175 34
187610.819163884 36
187610.822200509 38
187610.825248259 41
187610.829991092 43
187610.832954259 46
187610.836203134 48
187610.840164425 50
187610.843913425 52
187610.847127884 54
187610.851132967 56
187610.855934467 61
187610.860097967 63
187610.863081842 64
187610.866465384 66
187610.87104455 68
187610.874319842 69
187610.878755342 71
187610.88207255 72
187610.885163259 73
187610.889252509 74
187610.893030467 75
187610.896358884 76
187610.900362759 76
187610.903925675 77
187610.90885805 78
187610.911818509 78
187610.915038842 78
187610.918939009 78
187610.922121509 79
187610.925252967 79
187610.92925655 79
187610.9321708 79
187610.935073384 79
187610.940113967 79
187610.942853301 79
187610.945932926 79
187610.949896259 79
187610.952465759 79
187610.956314842 79
187610.960259176 79
187610.963061051 79
187610.966059634 79
187610.969973676 79
187610.972506467 79
187610.975374092 79
187610.979324676 79
187610.982351967 79
187610.985178551 79
187610.989093467 79
187610.992152467 79
187610.995031551 79
187610.999209301 79
187611.002222342 79
187611.005082759 79
187611.009976926 79
187611.012467051 79
187611.015372051 79
187611.019257509 79
187611.022150259 79
187611.025010842 79
187611.028971259 79
187611.031893842 79
187611.034504842 79
187611.038874967 79
187611.041815009 79
187611.044941217 80
187611.049183009 80
187611.052122801 80
187611.055036092 80
187611.059924467 80
187611.062440301 80
187611.065320592 80
187611.069834801 80
187611.072392676 80
187611.075352717 80
187611.079243384 80
187611.082177717 80
187611.085071467 80
187611.089067759 80
187611.092250009 80
187611.095119134 80
187611.099316717 80
187611.102289592 80
187611.105204759 80
187611.110051384 80
187611.112844342 80
187611.115939176 80
187611.119846092 80
187611.122420967 80
187611.125329967 80
187611.129226634 80
187611.132225967 80
187611.135115301 80
187611.139056926 80
187611.142300676 80
187611.145191426 80
187611.149159384 81
187611.152342842 81
187611.155216426 81
187611.166038884 81
187611.169982634 81
187611.172478967 81
187611.178934176 81
187611.181829384 81
187611.184881634 81
187611.188812301 82
187611.192128009 82
187611.195059342 82
187611.199367009 82
187611.202463592 82
187611.205332467 82
187611.210145092 82
187611.213085217 83
187611.216388134 83
187611.220456801 83
187611.223287092 83
187611.226333301 83
187611.230273592 83
187611.233048842 83
187611.236118926 83
187611.239917301 83
187611.242482217 83
187611.245363342 83
187611.249265634 83
187611.252234592 83
187611.255094176 83
187611.259058009 83
187611.262805384 83
187611.266020176 83
187611.269860176 83
187611.272457342 83
187611.275317551 83
187611.279257759 83
187611.282158717 83
187611.285056884 83
187611.289150884 83
187611.292349801 83
187611.295146051 83
187611.299332134 83
187611.302743509 84
187611.306062426 83
187611.311313801 84
187611.314362842 84
187611.317343009 84
187611.321083384 84
187611.324203717 84
187611.327211217 84
187611.330902301 84
187611.334025051 84
187611.336993009 84
187611.340437801 84
187611.343310176 84
187611.346336884 84
187611.350837759 83
187611.354060884 83
187611.357294967 83
187611.362158259 83
187611.366027967 83
187611.370133092 83
187611.372953926 83
187611.375940009 83
187611.379858634 83
187611.382366592 83
187611.385280426 83
187611.389152926 83
187611.392340051 83
187611.395204134 83
187611.399347801 83
187611.402329884 83
187611.405229967 83
187611.409190592 83
187611.412856217 83
187611.416117176 83
187611.419967301 83
187611.422491176 83
187611.425349676 83
187611.429289176 83
187611.432177926 83
187611.435088967 83
187611.439017509 83
187611.442072009 83
187611.444946092 83
187611.448841176 83
187611.451247467 83
187611.454338092 83
187611.457271301 83
187611.460990967 83
187611.464982717 83
187611.468899717 83
187611.471355467 82
187611.474468509 82
187611.478504592 82
187611.481134009 82
187611.484154509 82
187611.487088634 82
187611.490901176 81
187611.494120301 81
187611.497357967 81
187611.501207134 81
187611.504246676 81
187611.507253592 81
187611.510901676 81
187611.514511051 81
187611.518764217 81
187611.521216051 81
187611.524235592 81
187611.528470592 82
187611.531219842 82
187611.534449634 82
187611.538726926 82
187611.541244926 82
187611.544320009 82
187611.547205509 82
187611.550946426 82
187611.554517592 83
187611.558716134 83
187611.561161426 83
187611.565083509 84
187611.569251926 84
187611.572151134 84
187611.575073634 84
187611.579027217 84
187611.581904634 84
187611.584493842 84
187611.589019509 84
187611.592266009 85
187611.595345967 85
187611.599885426 85
187611.602476509 85
187611.605305426 85
187611.609208801 85
187611.612070051 85
187611.615997092 85
187611.619830301 85
187611.622402801 85
187611.625271467 85
187611.629194759 85
187611.632070592 85
187611.634976301 85
187611.639365342 85
187611.642396926 85
187611.645282967 85
187611.649236134 85
187611.652189176 85
187611.655022259 85
187611.658961342 85
187611.661846092 85
187611.665363592 85
187611.669869467 85
187611.672393801 85
187611.675312634 85
187611.679216259 84
187611.682361551 84
187611.685215759 84
187611.689164009 84
187611.692260301 84
187611.695101676 84
187611.699278884 84
187611.702178426 84
187611.705092717 84
187611.709010259 84
187611.711838801 84
187611.714890176 84
187611.719813717 84
187611.722322592 84
187611.725189176 84
187611.729090676 84
187611.732068634 84
187611.734916259 84
187611.738867384 84
187611.741342217 84
187611.744411759 84
187611.748965759 83
187611.752403592 84
187611.755965801 84
187611.760800676 83
187611.764205259 83
187611.769063051 83
187611.772054176 83
187611.774895092 83
187611.778878092 83
187611.781300051 83
187611.784402801 83
187611.787343092 83
187611.791259634 83
187611.794330717 82
187611.799287259 82
187611.802227342 82
187611.805178301 82
187611.809285134 82
187611.812239801 82
187611.815120134 82
187611.820045634 82
187611.822799676 82
187611.825931676 82
187611.829835259 82
187611.832468259 82
187611.835310426 82
187611.839265634 82
187611.842409884 82
187611.846196301 82
187611.850339759 81
187611.853372092 81
187611.856994801 81
187611.861040634 81
187611.864221551 81
187611.867208009 81
187611.872176176 82
187611.875044967 81
187611.879248342 81
187611.882195134 81
187611.885075301 81
187611.889042217 81
187611.892096592 81
187611.894974217 81
187611.899286926 81
187611.902292801 81
187611.905186801 81
187611.909087967 81
187611.912082717 81
187611.914902717 81
187611.919893051 81
187611.922489551 81
187611.925350009 81
187611.929246509 81
187611.932170759 81
187611.935045342 81
187611.938982759 81
187611.941369717 81
187611.944471217 81
187611.947795134 81
187611.951216259 81
187611.954271134 80
187611.958824592 80
187611.961319676 80
187611.964322842 80
187611.967310801 80
187611.972008926 80
187611.974968884 80
187611.978974842 80
187611.981610717 80
187611.984450592 80
187611.988863092 80
187611.991908384 79
187611.994900717 79
187611.999314217 79
187612.002463634 79
187612.005849801 79
187612.009333051 79
187612.012229967 79
187612.015097176 79
187612.019086592 79
187612.022934259 79
187612.026022967 79
187612.029909717 79
187612.032428926 79
187612.035309884 79
187612.039231384 79
187612.042110676 79
187612.045062051 79
187612.048939217 79
187612.051801592 79
187612.054440009 79
187612.058468926 79
187612.061139092 79
187612.064139717 79
187612.067362426 79
187612.072225801 79
187612.075127467 79
187612.079124759 79
187612.082060009 79
187612.084958884 79
187612.088955217 79
187612.092080967 79
187612.094980009 79
187612.099208551 79
187612.102104426 79
187612.104926384 79
187612.108898717 79
187612.111802009 79
187612.114452009 79
187612.118479717 79
187612.122259592 79
187612.125183092 79
187612.129102634 79
187612.131885801 79
187612.135054301 79
187612.138924301 79
187612.141798592 79
187612.144499842 79
187612.148457426 79
187612.151219467 79
187612.154219009 79
187612.158701926 79
187612.161227259 79
187612.164272051 79
187612.167293884 79
187612.170964801 79
187612.174924842 79
187612.183359217 78
187612.186416342 78
187612.190798592 78
187612.193909676 78
187612.196950259 78
187612.200832592 78
187612.203881592 78
187612.206452551 78
187612.210373509 78
187612.213131467 78
187612.216207176 78
187612.220083426 78
187612.224006342 78
187612.227035176 78
187612.230746884 78
187612.233352384 78
187612.236405676 78
187612.240303967 78
187612.243289509 78
187612.246305551 78
187612.250189176 78
187612.253019926 78
187612.256055217 78
187612.259956467 78
187612.262444801 78
187612.265291759 78
187612.269216009 78
187612.272211051 78
187612.276136884 78
187612.280027967 78
187612.282771592 78
187612.285862509 78
187612.289366801 78
187612.292786801 78
187612.296114009 78
187612.300258092 78
187612.303075717 78
187612.306125967 78
187612.309952801 78
187612.312442634 78
187612.315316092 78
187612.319280926 78
187612.322256384 78
187612.326214551 78
187612.330086551 78
187612.332961259 78
187612.335959342 78
187612.339373134 78
187612.342279509 78
187612.345245009 78
187612.349107592 78
187612.352089092 78
187612.354951176 78
187612.358873259 78
187612.361372926 78
187612.364454426 78
187612.368726801 78
187612.371177884 78
187612.374203176 78
187612.379055717 78
187612.381895676 78
187612.384505676 78
187612.388786884 78
187612.391796384 78
187612.394460967 78
187612.398948259 78
187612.401835592 78
187612.404853176 78
187612.408809717 78
187612.411223301 78
187612.414272717 78
187612.417246384 78
187612.420938592 78
187612.424046384 78
187612.428765842 78
187612.431268134 78
187612.434404092 78
187612.437335259 78
187612.441050051 78
187612.444362259 78
187612.448911509 78
187612.452193842 77
187612.455328676 77
187612.459860717 77
187612.462942134 77
187612.466027592 77
187612.469924342 77
187612.472404592 77
187612.475317134 77
187612.480275551 77
187612.483117676 77
187612.486144634 77
187612.490253051 77
187612.493112301 77
187612.496250217 77
187612.500445759 77
187612.503235884 77
187612.506315217 77
187612.510141176 77
187612.512964509 77
187612.516006259 77
187612.519939342 77
187612.522477467 77
187612.525339176 77
187612.530297259 77
187612.533130801 77
187612.536168926 77
187612.539989176 77
187612.542832342 77
187612.545966384 77
187612.554509342 77
187612.558826342 77
187612.561262676 77
187612.566391301 77
187612.570844426 78
187612.573972217 77
187612.577000301 78
187612.581348551 78
187612.584880801 77
187612.589007092 77
187612.592145217 78
187612.595227801 77
187612.599851592 77
187612.602399301 77
187612.605235426 78
187612.609356259 78
187612.612378217 78
187612.615873009 77
187612.620192592 77
187612.623245509 78
187612.626301967 77
22.5 degrees
187635.557291053 84
187635.566327928 84
187635.574465095 84
187635.58407047 84
187635.591102012 84
187635.599990095 84
187635.607255262 84
187635.614460178 84
187635.623994803 84
187635.630939845 84
187635.641010512 84
187635.648501512 84
187635.657024137 84
187635.664326053 84
187635.667354387 84
187635.67108172 84
187635.674140137 84
187635.677124303 84
187635.680851678 84
187635.683936137 84
187635.686472428 84
187635.690893345 84
187635.69401372 84
187635.705370678 84
187635.707787637 84
187635.711370387 84
187635.713773387 84
187635.716001178 84
187635.72251022 84
187635.725940012 84
187635.729945928 84
187635.732472387 84
187635.73533072 84
187635.739222553 84
187635.742415303 85
187635.745925387 85
187635.749817928 85
187635.752416512 85
187635.755849303 85
187635.759343262 85
187635.763199137 85
187635.766239845 85
187635.770064303 86
187635.773121387 86
187635.776152012 86
187635.780009928 86
187635.782496678 85
187635.786227262 85
187635.790057387 85
187635.793202303 85
187635.796329928 85
187635.80074697 85
187635.803946053 84
187635.807139637 84
187635.811358012 84
187635.814938012 83
187635.818953053 83
187635.821351803 82
187635.824973387 82
187635.829043137 81
187635.83198547 81
187635.834872762 80
187635.838873387 79
187635.842059762 79
187635.845121637 78
187635.849199803 77
187635.852301553 76
187635.855170262 75
187635.859847803 73
187635.863889928 72
187635.867620595 71
187635.871085845 69
187635.87490722 67
187635.879135887 66
187635.882740428 64
187635.886343553 62
187635.891001303 59
187635.894865262 57
187635.899354303 54
187635.902828137 53
187635.906417637 50
187635.910933095 48
187635.915275387 45
187635.920267095 43
187635.923335678 43
187635.927021012 40
187635.931127512 38
187635.93441497 36
187635.93979122 33
187635.942966137 32
187635.946442553 30
187635.950885553 29
187635.954222137 28
187635.958469262 26
187635.961278553 25
187635.965933387 24
187635.969939387 24
187635.972424803 23
187635.976012262 22
187635.980097095 21
187635.983144095 21
187635.98638472 20
187635.990430387 19
187635.993350512 19
187635.997120637 18
187636.000968803 18
187636.004373845 17
187636.008451387 17
187636.011625095 16
187636.015269928 15
187636.019335887 15
187636.022321095 14
187636.025257678 14
187636.029218262 14
187636.032147595 14
187636.035030553 14
187636.038954387 14
187636.041860303 14
187636.044462095 14
187636.048802887 13
187636.051361803 13
187636.054405762 13
187636.057610095 13
187636.06106822 13
187636.065061637 13
187636.069085512 13
187636.071894678 13
187636.074924178 12
187636.079269887 13
187636.08217097 12
187636.086020428 13
187636.09073222 13
187636.093971678 12
187636.097064512 12
187636.10105447 12
187636.104323929 12
187636.107337304 12
187636.111078762 12
187636.114064345 12
187636.118958262 13
187636.122168054 13
187636.12501297 13
187636.128968595 13
187636.13185897 13
187636.134885554 13
187636.138745179 13
187636.141303762 13
187636.144349512 13
187636.147335429 13
187636.150994345 13
187636.15413047 13
187636.157095887 12
187636.160912387 12
187636.163960304 12
187636.168781554 12
187636.17123272 12
187636.174278887 12
187636.177250512 12
187636.181028804 12
187636.184259054 13
187636.188514137 13
187636.191833179 13
187636.194943054 12
187636.199114137 12
187636.202001054 12
187636.204921179 12
187636.20879297 12
187636.211334595 12
187636.214427845 12
187636.219194595 12
187636.222160429 12
187636.225042762 12
187636.228987387 12
187636.231833887 12
187636.234878429 12
187636.238880179 12
187636.241305804 12
187636.24442972 13
187636.248817304 13
187636.251244679 13
187636.254268095 13
187636.257239345 13
187636.26103572 14
187636.26410397 14
187636.269055179 14
187636.272058012 14
187636.275140679 14
187636.279058762 14
187636.28191172 14
187636.284936304 14
187636.288792804 14
187636.292180304 15
187636.29510472 15
187636.299218637 16
187636.302805012 16
187636.305936345 17
187636.309978804 17
187636.31306072 18
187636.316132262 19
187636.321023012 19
187636.324091429 20
187636.327301429 21
187636.331239345 21
187636.33485247 23
187636.339169179 23
187636.342258845 24
187636.34516172 25
187636.34934972 26
187636.352823595 27
187636.356169804 28
187636.360261512 29
187636.36411022 31
187636.367356387 33
187636.372516429 34
187636.376038262 35
187636.379998554 36
187636.383318595 37
187636.38704397 38
187636.39102422 39
187636.394268845 40
187636.398940137 42
187636.402256179 43
187636.405304054 44
187636.409353095 46
187636.412450345 47
187636.416019762 49
187636.421095512 50
187636.424340012 51
187636.428884595 53
187636.431832137 54
187636.435054304 55
187636.43918072 57
187636.442245429 58
187636.445238054 59
187636.449307762 60
187636.452395012 61
187636.45589697 63
187636.460088554 63
187636.463076887 64
187636.466172554 65
187636.471131595 66
187636.474302679 68
187636.47731447 68
187636.48123722 69
187636.484306679 70
187636.487332179 71
187636.49117747 71
187636.494376512 72
187636.499104429 73
187636.502065054 73
187636.504988595 74
187636.509227595 75
187636.512421345 75
187636.515317012 75
187636.519852679 76
187636.523340137 76
187636.526378762 77
187636.53045447 77
187636.533253387 77
187636.536977345 78
187636.540453929 78
187636.54335222 78
187636.54637147 79
187636.550798804 79
187636.553615512 79
187636.556433304 79
187636.560265887 79
187636.56308447 79
187636.566079804 79
187636.569976054 79
187636.574029304 79
187636.577018262 79
187636.581012512 80
187636.58441422 80
187636.58778797 80
187636.591829262 80
187636.594823929 80
187636.59896922 80
187636.601870512 80
187636.604874095 80
187636.608793054 80
187636.611240012 80
187636.614317095 81
187636.618830054 81
187636.621319095 81
187636.625288887 81
187636.629277929 81
187636.632242345 81
187636.635172887 81
187636.640035887 81
187636.642811054 81
187636.64593847 81
187636.649885804 81
187636.652380679 81
187636.655358929 81
187636.65932597 81
187636.662342929 81
187636.665341595 82
187636.669375637 82
187636.673302429 82
187636.676372762 82
187636.680399304 82
187636.683277054 82
187636.686326554 82
187636.69031772 82
187636.693213595 82
187636.696329845 82
187636.700298804 82
187636.703168804 82
187636.70620622 82
187636.710069262 82
187636.712830845 83
187636.716196387 82
187636.720165595 83
187636.722996595 83
187636.727267387 83
187636.730988679 83
187636.734041012 83
187636.737010595 83
187636.740793137 83
187636.743868137 83
187636.746435095 83
187636.75037047 83
187636.753176804 83
187636.75618897 83
187636.760135012 83
187636.763235137 83
187636.766266679 83
187636.770134845 83
187636.773036054 83
187636.777016637 83
187636.780751304 83
187636.783612512 83
187636.78702897 83
187636.791040429 83
187636.794137095 83
187636.797255054 83
187636.801132845 83
187636.804178054 83
187636.807165137 83
187636.810889887 83
187636.813963845 83
187636.816965887 83
187636.820459137 83
187636.82334322 82
187636.828970345 82
187636.831863179 82
187636.83449047 82
187636.838763845 82
187636.841252012 82
187636.844319512 82
187636.847322512 82
187636.851054762 82
187636.854110679 82
187636.857274762 82
187636.860971804 81
187636.864452595 81
187636.868692762 81
187636.871159095 81
187636.874235762 81
187636.879030429 81
187636.881896845 81
187636.884879387 81
187636.888793387 81
187636.89201447 80
187636.89505797 80
187636.89923972 80
187636.902214512 80
187636.905127012 80
187636.909036637 80
187636.912045845 80
187636.914905512 80
187636.918988679 80
187636.922008929 80
187636.925180262 79
187636.930220054 79
187636.933085429 79
187636.936057345 79
187636.940002179 79
187636.942804929 79
187636.946051179 79
187636.949947012 79
187636.952766804 79
187636.955896637 79
187636.959849929 79
187636.962377137 79
187636.965316804 79
187636.969194595 79
187636.972100554 79
187636.975018595 79
187636.980004762 79
187636.990014887 79
187636.993193762 79
187636.996367929 79
187637.002377387 79
187637.005207512 79
187637.009310054 79
187637.012221887 79
187637.015139554 79
187637.019120429 79
187637.02208522 79
187637.025018679 79
187637.029837429 79
187637.032405429 79
187637.035321845 79
187637.039169012 79
187637.042081095 79
187637.044959179 79
187637.049030095 79
187637.05201672 79
187637.054936845 79
187637.058871054 79
187637.061281095 79
187637.064322554 79
187637.067369345 79
187637.07110822 79
187637.07413247 79
187637.07928422 79
187637.082319054 79
187637.085326595 79
187637.090112179 79
187637.093290304 80
187637.097184345 80
187637.101043262 80
187637.104126804 80
187637.107046929 80
187637.110735595 80
187637.113912095 80
187637.116456012 80
187637.120338679 80
187637.123234262 80
187637.12624822 81
187637.13100472 81
187637.134071137 81
187637.136994679 81
187637.14042972 81
187637.143311429 81
187637.146375179 81
187637.150211429 81
187637.153246595 82
187637.156486845 82
187637.16033497 82
187637.163160387 82
187637.166133095 82
187637.170027304 82
187637.17250472 82
187637.175918512 82
187637.180913429 83
187637.183994179 83
187637.186953179 83
187637.191059137 83
187637.194140262 83
187637.197234512 83
187637.201095429 83
187637.204133637 83
187637.207021595 83
187637.210443304 84
187637.214000429 84
187637.216956137 84
187637.22045972 84
187637.224055095 84
187637.227291637 84
187637.23206372 84
187637.234996137 84
187637.239030845 84
187637.242039345 84
187637.24493672 84
187637.248829804 84
187637.251253845 84
187637.25427322 84
187637.257233345 84
187637.260964929 84
187637.264020137 84
187637.266937554 84
187637.270740429 84
187637.27332172 84
187637.276350762 84
187637.280270679 84
187637.284100637 84
187637.28708172 84
187637.29109497 84
187637.294139762 84
187637.297269012 84
187637.301268387 84
187637.304346929 84
187637.307314012 84
187637.310964429 84
187637.314009304 84
187637.317016095 84
187637.320795595 84
187637.323613429 84
187637.326410179 84
187637.330286637 84
187637.33413922 84
187637.33704197 84
187637.34087722 84
187637.343910137 84
187637.346480262 84
187637.350332762 84
187637.35318522 84
187637.356194554 84
187637.360070804 84
187637.362834845 84
187637.365962554 84
187637.369850929 84
187637.372410095 84
187637.375266054 84
187637.379178387 84
187637.382063845 84
187637.386285804 84
187637.39044847 84
187637.393228179 84
187637.39641747 84
187637.400441429 84
187637.403222512 84
187637.406218887 84
187637.41026822 84
187637.41313422 84
187637.416147345 84
187637.420037054 84
187637.422852595 84
187637.42589922 84
187637.429819304 84
187637.43238897 84
187637.436318762 84
187637.440232054 84
187637.443087304 84
187637.446139762 84
187637.450246012 84
187637.45312222 83
187637.457027012 84
187637.460746804 83
187637.464094262 83
187637.46881372 83
187637.472035387 83
187637.475101012 83
187637.479300012 84
187637.482227262 83
187637.486357595 83
187637.490794679 84
187637.494401262 83
187637.499196762 83
187637.502168179 83
187637.50527647 83
187637.509327762 83
187637.512772345 83
187637.516000679 84
187637.520232054 84
187637.523072179 84
187637.526082637 84
187637.530012387 84
187637.532476762 84
187637.536944595 84
187637.540963137 84
187637.54397722 84
187637.54697047 84
187637.550461095 84
187637.55333722 84
187637.556339429 84
187637.56024972 84
187637.563040095 84
187637.566159387 84
187637.570013054 84
187637.572756512 84
187637.575894637 84
187637.579834679 84
187637.582354345 84
187637.586274512 84
187637.590315887 84
187637.593111554 84
187637.596229929 84
187637.600280804 84
187637.60316447 84
187637.60614772 84
187637.610016095 84
187637.612797887 84
187637.615895429 84
187637.619821054 84
187637.62234072 84
187637.625231179 84
187637.62910597 84
187637.63207747 84
187637.634958845 84
187637.640885804 84
187637.644501095 85
187637.648799929 85
187637.651245595 85
187637.654286637 85
187637.657209554 85
187637.660930429 85
187637.663933887 85
187637.66650572 85
187637.670465429 85
187637.673925179 85
187637.676470429 85
187637.680326554 85
187637.683229387 85
187637.686227012 85
187637.691228054 85
187637.69428697 85
187637.69733222 85
187637.70124347 85
187637.704321887 85
187637.70726447 85
187637.71092497 85
187637.713977512 85
187637.71697397 85
187637.72043022 85
187637.723303887 85
187637.726348262 85
187637.730270679 85
187637.733063054 85
187637.736069304 85
187637.740868845 85
187637.743940887 85
187637.746468929 85
187637.750796095 85
187637.754036762 85
187637.757208804 86
187637.76114922 86
187637.764398262 86
187637.768517762 86
187637.771257304 86
187637.774260845 86
187637.777224054 86
187637.781289679 86
187637.784358554 86
187637.787339054 86
187637.79222272 86
187637.79535072 85
187637.799914512 85
187637.80247122 85
187637.805891137 85
187637.80937297 85
187637.812331512 85
187637.81523072 84
187637.819851137 84
187637.822417762 84
187637.825301679 84
187637.829196137 84
187637.832069095 84
187637.834951512 84
187637.839880304 84
187637.842423137 84
187637.845313304 84
187637.849183845 84
187637.852206304 84
187637.855004179 84
187637.858968095 84
187637.861826804 84
187637.864872637 84
187637.868816387 85
187637.87191347 85
187637.874925262 85
187637.878825179 85
187637.881316554 85
187637.884321054 85
187637.887273762 85
187637.892384262 85
187637.895245845 85
187637.899869429 85
187637.902463929 85
187637.905334554 85
187637.909258137 84
187637.91244997 84
187637.91533972 84
187637.919322804 84
187637.922198095 84
187637.925125345 84
187637.929036345 84
187637.932045429 84
187637.934918637 84
187637.93881547 84
187637.942371262 84
187637.94520872 84
187637.949123012 84
187637.95189822 84
187637.954895929 84
187637.958893345 84
187637.962062554 84
187637.965061179 84
187637.969805804 83
187637.972392262 83
187637.975289762 83
187637.979205429 83
187637.982086762 83
187637.984940804 83
187637.988869012 83
187637.992933595 83
187637.996114137 83
187638.00019272 83
187638.006004762 83
187638.009981929 83
187638.012467804 83
187638.01533122 83
187638.019180262 83
187638.022778429 82
187638.025984762 82
187638.02936172 82
187638.032238137 82
187638.035128095 82
187638.039135137 82
187638.04297447 82
187638.046032929 82
187638.049923345 82
187638.052478595 82
